{
 "cells": [
  {
   "cell_type": "code",
   "execution_count": 21,
   "metadata": {
    "collapsed": false
   },
   "outputs": [
    {
     "name": "stdout",
     "output_type": "stream",
     "text": [
      "1000\n"
     ]
    }
   ],
   "source": [
    "import MySQLdb\n",
    "import pandas\n",
    "import re\n",
    "import itertools\n",
    "import numpy as np\n",
    "import nltk\n",
    "#LCAL_DATABASE_HOST = \"10.117.8.41\"\n",
    "#LOCAL_DATABASE_PORT = 3306\n",
    "#LOCAL_DATABASE_USER = \"root\"\n",
    "#LOCAL_DATABASE_PW = \"vmware\"\n",
    "#LOCAL_DATABASE_DATABASE = \"bugdata\"\n",
    "conn = MySQLdb.connect(host='10.117.8.41', port=3306, user='root', passwd='vmware', db='bugdata')\n",
    "cur =conn.cursor()\n",
    "\n",
    "#sql = '''SELECT bug_id \n",
    "#FROM bugs\n",
    "#WHERE assigned_to in (\n",
    "#SELECT userid \n",
    "#FROM profiles \n",
    "#WHERE login_name in ('hfu','letian','vbhakta','weili','nmukuri','zhoum','hxie','shiyaoy',\n",
    "#'shanpeic','souravk','vaibhavk','fangchiw','gengshengl'))\n",
    "#LIMIT 0, 1000'''\n",
    "\n",
    "sql = '''SELECT bug_id \n",
    "FROM bugs,profiles \n",
    "WHERE bugs.assigned_to=profiles.userid and profiles.login_name in ('hfu','letian','vbhakta','weili','nmukuri','zhoum','hxie','shiyaoy','shanpeic','souravk','vaibhavk','fangchiw','gengshengl')\n",
    "LIMIT 0, 1000'''\n",
    "\n",
    "cur.execute(sql)\n",
    "bug_id = cur.fetchall()\n",
    "bug_id = [str(item[0]) for item in bug_id]\n",
    "print len(bug_id)\n"
   ]
  },
  {
   "cell_type": "code",
   "execution_count": 22,
   "metadata": {
    "collapsed": false
   },
   "outputs": [
    {
     "name": "stdout",
     "output_type": "stream",
     "text": [
      "bug_id         int64\n",
      "short_desc    object\n",
      "dtype: object\n"
     ]
    }
   ],
   "source": [
    "conn = MySQLdb.connect(host='10.117.8.41', port=3306, user='root', passwd='vmware', db='bugdata')\n",
    "cur =conn.cursor()\n",
    "sql_sd = '''SELECT bug_id, short_desc\n",
    "FROM bugs\n",
    "WHERE bug_id IN (%s)\n",
    "ORDER BY bug_id''' %  ','.join(bug_id)\n",
    "\n",
    "df_sd = pandas.io.sql.read_sql(sql_sd, conn)\n",
    "\n",
    "print df_sd.dtypes"
   ]
  },
  {
   "cell_type": "code",
   "execution_count": 23,
   "metadata": {
    "collapsed": false
   },
   "outputs": [
    {
     "name": "stdout",
     "output_type": "stream",
     "text": [
      "bug_id          int64\n",
      "description    object\n",
      "dtype: object\n"
     ]
    }
   ],
   "source": [
    "sql_ld = '''SELECT bug_id, group_concat('\\n', longdescs.thetext) description\n",
    "FROM longdescs\n",
    "WHERE bug_id IN (%s)\n",
    "GROUP BY bug_id\n",
    "ORDER BY bug_id''' % ','.join(bug_id)\n",
    "\n",
    "df_ld = pandas.io.sql.read_sql(sql_ld, conn)\n",
    "\n",
    "print df_ld.dtypes"
   ]
  },
  {
   "cell_type": "code",
   "execution_count": 24,
   "metadata": {
    "collapsed": true
   },
   "outputs": [],
   "source": [
    "from nltk.stem.porter import PorterStemmer\n",
    "from bs4 import BeautifulSoup\n",
    "\n",
    "def discription_to_wordlist( raw_description ):\n",
    "    # Function to convert a raw bug description to a list of words\n",
    "    #  Remove markers\n",
    "    text = BeautifulSoup(raw_description).get_text() \n",
    "    #\n",
    "    # Remove non-letters        \n",
    "    # letters_only = re.sub(\"[^a-zA-Z_/\\-\\.]\", \" \", description_text)\n",
    "    letters_only = re.sub(\"[^a-zA-Z\\.]\", \" \", text)\n",
    "    letters_only = re.sub(\"\\.(?!((c|h|cpp|py)\\s+$))\", \" \", letters_only)\n",
    "    #\n",
    "    # Convert to lower case, split into individual words\n",
    "    words = letters_only.lower().split()                             \n",
    "    #\n",
    "    # Remove stop words\n",
    "    stopwords = set(nltk.corpus.stopwords.words('english'))\n",
    "    meaningful_words = [w for w in words if not w in stops]   \n",
    "    #\n",
    "    # Stemming\n",
    "    porter = PorterStemmer()\n",
    "    stemmed_meaningful_words = [porter.stem_word(w) for w in meaningful_words]\n",
    "    \n",
    "    return stemmed_meaningful_words"
   ]
  },
  {
   "cell_type": "code",
   "execution_count": 25,
   "metadata": {
    "collapsed": true
   },
   "outputs": [],
   "source": [
    "def discription_to_string( raw_description ):\n",
    "    \n",
    "    return \" \".join(discription_to_wordlist(raw_description))"
   ]
  },
  {
   "cell_type": "code",
   "execution_count": 26,
   "metadata": {
    "collapsed": true
   },
   "outputs": [],
   "source": [
    "from nltk.stem.snowball import SnowballStemmer\n",
    "\n",
    "def tokenize_and_stem( raw_description ):\n",
    "    text = BeautifulSoup(raw_description).get_text()\n",
    "    # first tokenize by sentence, then by word to ensure that punctuation is caught as it's own token\n",
    "    tokens = [word for sent in nltk.sent_tokenize(text) for word in nltk.word_tokenize(sent)]\n",
    "    filtered_tokens = []\n",
    "    # filter out any tokens not containing letters (e.g., numeric tokens, raw punctuation)\n",
    "    for token in tokens:\n",
    "        if re.search('[a-zA-Z]', token):\n",
    "            filtered_tokens.append(token)\n",
    "    \n",
    "    stopwords = set(nltk.corpus.stopwords.words('english'))\n",
    "    meaningful_tokens = [token for token in filtered_tokens if not token in stopwords]\n",
    "    snowball = SnowballStemmer(\"english\")\n",
    "    stems = [snowball.stem(t) for t in filtered_tokens]\n",
    "    return stems"
   ]
  },
  {
   "cell_type": "code",
   "execution_count": 27,
   "metadata": {
    "collapsed": false
   },
   "outputs": [],
   "source": [
    "df = pandas.merge(df_sd, df_ld, on='bug_id')\n",
    "texts = list((df['short_desc'] +' '+ df['description']).map(tokenize_and_stem))"
   ]
  },
  {
   "cell_type": "code",
   "execution_count": 28,
   "metadata": {
    "collapsed": false
   },
   "outputs": [],
   "source": [
    "# print list(df['string'])"
   ]
  },
  {
   "cell_type": "code",
   "execution_count": 29,
   "metadata": {
    "collapsed": true
   },
   "outputs": [],
   "source": [
    "from gensim import corpora\n",
    "\n",
    "dictionary = corpora.Dictionary(texts)\n",
    "dictionary.filter_extremes(no_below = 10, no_above = 0.9, keep_n = 50000)\n",
    "corpus = [dictionary.doc2bow(text) for text in texts]"
   ]
  },
  {
   "cell_type": "code",
   "execution_count": 36,
   "metadata": {
    "collapsed": false
   },
   "outputs": [
    {
     "name": "stderr",
     "output_type": "stream",
     "text": [
      "WARNING:gensim.models.hdpmodel:likelihood is decreasing!\n",
      "WARNING:gensim.models.hdpmodel:likelihood is decreasing!\n",
      "WARNING:gensim.models.hdpmodel:likelihood is decreasing!\n",
      "WARNING:gensim.models.hdpmodel:likelihood is decreasing!\n",
      "WARNING:gensim.models.hdpmodel:likelihood is decreasing!\n",
      "WARNING:gensim.models.hdpmodel:likelihood is decreasing!\n",
      "WARNING:gensim.models.hdpmodel:likelihood is decreasing!\n",
      "WARNING:gensim.models.hdpmodel:likelihood is decreasing!\n",
      "WARNING:gensim.models.hdpmodel:likelihood is decreasing!\n",
      "WARNING:gensim.models.hdpmodel:likelihood is decreasing!\n",
      "WARNING:gensim.models.hdpmodel:likelihood is decreasing!\n",
      "WARNING:gensim.models.hdpmodel:likelihood is decreasing!\n",
      "WARNING:gensim.models.hdpmodel:likelihood is decreasing!\n",
      "WARNING:gensim.models.hdpmodel:likelihood is decreasing!\n",
      "WARNING:gensim.models.hdpmodel:likelihood is decreasing!\n",
      "WARNING:gensim.models.hdpmodel:likelihood is decreasing!\n",
      "WARNING:gensim.models.hdpmodel:likelihood is decreasing!\n",
      "WARNING:gensim.models.hdpmodel:likelihood is decreasing!\n",
      "WARNING:gensim.models.hdpmodel:likelihood is decreasing!\n",
      "WARNING:gensim.models.hdpmodel:likelihood is decreasing!\n",
      "WARNING:gensim.models.hdpmodel:likelihood is decreasing!\n",
      "WARNING:gensim.models.hdpmodel:likelihood is decreasing!\n",
      "WARNING:gensim.models.hdpmodel:likelihood is decreasing!\n",
      "WARNING:gensim.models.hdpmodel:likelihood is decreasing!\n",
      "WARNING:gensim.models.hdpmodel:likelihood is decreasing!\n",
      "WARNING:gensim.models.hdpmodel:likelihood is decreasing!\n",
      "WARNING:gensim.models.hdpmodel:likelihood is decreasing!\n",
      "WARNING:gensim.models.hdpmodel:likelihood is decreasing!\n",
      "WARNING:gensim.models.hdpmodel:likelihood is decreasing!\n",
      "WARNING:gensim.models.hdpmodel:likelihood is decreasing!\n",
      "WARNING:gensim.models.hdpmodel:likelihood is decreasing!\n",
      "WARNING:gensim.models.hdpmodel:likelihood is decreasing!\n",
      "WARNING:gensim.models.hdpmodel:likelihood is decreasing!\n",
      "WARNING:gensim.models.hdpmodel:likelihood is decreasing!\n",
      "WARNING:gensim.models.hdpmodel:likelihood is decreasing!\n",
      "WARNING:gensim.models.hdpmodel:likelihood is decreasing!\n",
      "WARNING:gensim.models.hdpmodel:likelihood is decreasing!\n",
      "WARNING:gensim.models.hdpmodel:likelihood is decreasing!\n",
      "WARNING:gensim.models.hdpmodel:likelihood is decreasing!\n",
      "WARNING:gensim.models.hdpmodel:likelihood is decreasing!\n",
      "WARNING:gensim.models.hdpmodel:likelihood is decreasing!\n",
      "WARNING:gensim.models.hdpmodel:likelihood is decreasing!\n",
      "WARNING:gensim.models.hdpmodel:likelihood is decreasing!\n",
      "WARNING:gensim.models.hdpmodel:likelihood is decreasing!\n",
      "WARNING:gensim.models.hdpmodel:likelihood is decreasing!\n",
      "WARNING:gensim.models.hdpmodel:likelihood is decreasing!\n",
      "WARNING:gensim.models.hdpmodel:likelihood is decreasing!\n",
      "WARNING:gensim.models.hdpmodel:likelihood is decreasing!\n",
      "WARNING:gensim.models.hdpmodel:likelihood is decreasing!\n",
      "WARNING:gensim.models.hdpmodel:likelihood is decreasing!\n",
      "WARNING:gensim.models.hdpmodel:likelihood is decreasing!\n"
     ]
    }
   ],
   "source": [
    "from gensim.models import hdpmodel\n",
    "hdp = hdpmodel.HdpModel(corpus, id2word=dictionary, K=30, T=300, alpha=10, gamma=100)"
   ]
  },
  {
   "cell_type": "code",
   "execution_count": 37,
   "metadata": {
    "collapsed": false
   },
   "outputs": [
    {
     "data": {
      "text/plain": [
       "[u'topic 0: 0.046*the + 0.033*to + 0.020*this + 0.018*is + 0.016*in + 0.015*bug + 0.014*for + 0.012*on + 0.012*a + 0.012*and + 0.010*of + 0.010*from + 0.008*vm + 0.008*not + 0.008*pleas + 0.007*base + 0.007*pr + 0.007*chang + 0.006*be + 0.006*by',\n",
       " u'topic 1: 0.038*the + 0.027*to + 0.019*in + 0.016*this + 0.015*is + 0.012*bug + 0.012*and + 0.011*for + 0.011*a + 0.011*on + 0.009*of + 0.009*from + 0.009*vm + 0.008*not + 0.007*sr + 0.006*tool + 0.006*custom + 0.006*with + 0.006*problem + 0.006*it',\n",
       " u'topic 2: 0.015*the + 0.013*to + 0.008*vm + 0.007*suggest + 0.006*what + 0.006*in + 0.005*https + 0.005*init + 0.005*and + 0.005*a + 0.005*of + 0.005*dure + 0.005*pick + 0.005*first + 0.005*if + 0.004*build + 0.004*is + 0.004*partit + 0.004*ask + 0.004*from',\n",
       " u\"topic 3: 0.011*chang + 0.008*this + 0.007*are + 0.007*bug + 0.007*the + 0.006*keep + 0.006*binari + 0.006*review + 0.006*32bit + 0.006*environ + 0.005*no + 0.005*by + 0.005*'s + 0.005*them + 0.005*maintain + 0.005*area + 0.005*to + 0.005*what + 0.004*s + 0.004*mileston\",\n",
       " u'topic 4: 0.016*the + 0.010*fail + 0.007*with + 0.007*to + 0.007*and + 0.007*a + 0.006*sep + 0.006*tool + 0.005*between + 0.005*is + 0.005*henc + 0.005*from + 0.005*not + 0.005*key + 0.005*error + 0.004*this + 0.004*in + 0.004*for + 0.004*dump + 0.004*bug',\n",
       " u'topic 5: 0.018*the + 0.011*this + 0.010*to + 0.007*by + 0.007*on + 0.006*bug + 0.006*and + 0.006*mac + 0.006*chang + 0.006*is + 0.006*a + 0.005*fix + 0.005*for + 0.005*had + 0.005*defin + 0.004*take + 0.004*of + 0.004*instal + 0.004*pleas + 0.004*gos',\n",
       " u'topic 6: 0.014*the + 0.007*to + 0.006*than + 0.006*bug + 0.006*of + 0.005*a + 0.005*this + 0.005*is + 0.005*be + 0.005*and + 0.005*prioriti + 0.005*use + 0.004*keep + 0.004*partit + 0.004*accept + 0.004*instanc + 0.004*enough + 0.004*control + 0.004*complet + 0.004*manag',\n",
       " u'topic 7: 0.010*the + 0.009*to + 0.007*creat + 0.006*in + 0.006*next + 0.006*a + 0.006*cool + 0.006*dyno + 0.006*virtual + 0.006*veri + 0.005*fix + 0.005*tool + 0.005*problem + 0.005*this + 0.005*share + 0.005*alloc + 0.005*is + 0.005*ubuntu + 0.004*map + 0.004*tab',\n",
       " u'topic 8: 0.010*the + 0.010*to + 0.007*vm + 0.006*this + 0.006*in + 0.006*system + 0.006*host + 0.006*amount + 0.006*on + 0.005*mount + 0.005*import + 0.005*success + 0.005*sure + 0.005*step + 0.004*of + 0.004*instal + 0.004*and + 0.004*is + 0.004*profession + 0.004*care',\n",
       " u'topic 9: 0.010*the + 0.009*to + 0.008*usb + 0.007*on + 0.006*vehicl + 0.006*this + 0.005*with + 0.005*devic + 0.005*initi + 0.005*vm + 0.005*r2 + 0.005*inc + 0.004*execut + 0.004*inform + 0.004*result + 0.004*desktop + 0.004*that + 0.004*bug + 0.004*is + 0.004*problem',\n",
       " u'topic 10: 0.007*here + 0.006*os/patch/appl + 0.006*dyno + 0.006*stage + 0.006*the + 0.006*this + 0.005*higher + 0.005*ee + 0.005*chang + 0.005*affect + 0.005*local + 0.005*scope + 0.005*automerg + 0.005*for + 0.004*becom + 0.004*aug + 0.004*option + 0.004*it + 0.004*is + 0.004*test',\n",
       " u'topic 11: 0.008*machin + 0.007*is + 0.006*exampl + 0.005*to + 0.005*soon + 0.005*the + 0.005*cs + 0.005*function + 0.004*vm + 0.004*dure + 0.004*failur + 0.004*it. + 0.004*descript + 0.004*for + 0.004*quiesc + 0.004*well + 0.004*sever + 0.004*stage + 0.004*articl + 0.004*what',\n",
       " u'topic 12: 0.008*person + 0.007*f + 0.006*you + 0.006*the + 0.006*resourc + 0.006*if + 0.006*sles + 0.005*insid + 0.005*this + 0.005*multipl + 0.005*connect + 0.005*state + 0.005*report + 0.004*partit + 0.004*happen + 0.004*bug + 0.004*affect + 0.004*on + 0.004*binari + 0.004*present',\n",
       " u'topic 13: 0.011*the + 0.010*this + 0.008*to + 0.007*in + 0.006*is + 0.006*ga-sf + 0.005*here + 0.005*for + 0.005*y + 0.005*grep + 0.005*vm-support + 0.005*compil + 0.004*if + 0.004*scsi + 0.004*when + 0.004*result + 0.004*today + 0.004*kmod + 0.004*link + 0.004*look',\n",
       " u'topic 14: 0.011*the + 0.010*chang + 0.008*tool + 0.006*review + 0.006*riski + 0.006*ok + 0.006*consid + 0.006*even + 0.006*area + 0.006*gobuild + 0.005*option + 0.005*product + 0.005*up + 0.005*address + 0.005*what + 0.005*this + 0.004*high + 0.004*connect + 0.004*was + 0.004*in',\n",
       " u'topic 15: 0.008*the + 0.006*pbms + 0.006*explain + 0.006*end + 0.006*enterpris + 0.005*even + 0.005*high + 0.005*to + 0.005*unrespons + 0.005*each + 0.005*vmotion + 0.004*machin + 0.004*collect + 0.004*block + 0.004*have + 0.004*ad + 0.004*attach + 0.004*for + 0.004*default + 0.004*dump',\n",
       " u'topic 16: 0.007*were + 0.006*modif + 0.006*vmtool + 0.006*microsoft + 0.006*read + 0.005*fix + 0.005*this + 0.005*particular + 0.005*area + 0.005*http + 0.005*unam + 0.005*issu + 0.005*import + 0.005*and + 0.005*daemon + 0.005*step + 0.004*a + 0.004*32bit + 0.004*applic + 0.004*case',\n",
       " u'topic 17: 0.007*in + 0.006*ask + 0.006*cu + 0.006*free + 0.006*select + 0.005*order + 0.005*fix + 0.005*gos + 0.005*hp + 0.005*investig + 0.004*https + 0.004*accept + 0.004*d + 0.004*for + 0.004*make + 0.004*the + 0.004*environ + 0.004*gb + 0.004*kb + 0.004*leak',\n",
       " u'topic 18: 0.010*copi + 0.007*es + 0.006*unknown + 0.006*cold + 0.005*hi + 0.005*broken + 0.005*day + 0.005*nic + 0.005*chang + 0.005*sles11 + 0.005*disconnect + 0.005*call + 0.005*mac + 0.005*push + 0.005*tool + 0.005*would + 0.004*manual + 0.004*the + 0.004*build + 0.004*wrong',\n",
       " u'topic 19: 0.007*chang + 0.006*this + 0.006*bug + 0.006*secur + 0.005*the + 0.005*64bit + 0.005*have + 0.005*until + 0.005*by + 0.004*what + 0.004*corrupt + 0.004*give + 0.004*to + 0.004*name + 0.004*here + 0.004*tab + 0.004*destin + 0.004*close + 0.004*particular + 0.004*compil']"
      ]
     },
     "execution_count": 37,
     "metadata": {},
     "output_type": "execute_result"
    }
   ],
   "source": [
    "hdp.print_topics()"
   ]
  },
  {
   "cell_type": "code",
   "execution_count": 38,
   "metadata": {
    "collapsed": false
   },
   "outputs": [],
   "source": [
    "cluster = hdp.inference(corpus)"
   ]
  },
  {
   "cell_type": "code",
   "execution_count": null,
   "metadata": {
    "collapsed": false
   },
   "outputs": [],
   "source": [
    "cluster.shape"
   ]
  },
  {
   "cell_type": "code",
   "execution_count": null,
   "metadata": {
    "collapsed": true
   },
   "outputs": [],
   "source": [
    "print cluster"
   ]
  },
  {
   "cell_type": "code",
   "execution_count": 40,
   "metadata": {
    "collapsed": false
   },
   "outputs": [
    {
     "name": "stdout",
     "output_type": "stream",
     "text": [
      "(1000, 1000)\n",
      "[[ 1.          0.89804865  0.87848478 ...,  0.74946688  0.77306358\n",
      "   0.95481284]\n",
      " [ 0.89804865  1.          0.99905288 ...,  0.96423896  0.97324705\n",
      "   0.73061247]\n",
      " [ 0.87848478  0.99905288  1.         ...,  0.97469907  0.98218725\n",
      "   0.70089156]\n",
      " ..., \n",
      " [ 0.74946688  0.96423896  0.97469907 ...,  1.          0.99933727\n",
      "   0.52452425]\n",
      " [ 0.77306358  0.97324705  0.98218725 ...,  0.99933727  1.          0.55506164]\n",
      " [ 0.95481284  0.73061247  0.70089156 ...,  0.52452425  0.55506164  1.        ]]\n"
     ]
    }
   ],
   "source": [
    "from sklearn.metrics.pairwise import cosine_similarity\n",
    "similarity = cosine_similarity(cluster)\n",
    "print similarity.shape\n",
    "print similarity"
   ]
  },
  {
   "cell_type": "code",
   "execution_count": 41,
   "metadata": {
    "collapsed": false
   },
   "outputs": [
    {
     "name": "stdout",
     "output_type": "stream",
     "text": [
      "1134192\n",
      "1134029\n",
      "1.0\n",
      "245670 970367 0.999984569995\n",
      "258045 1409780 0.99995887983\n",
      "326880 1221157 0.999999604541\n",
      "365196 1003019 0.99278575613\n",
      "400528 777816 0.999482684701\n",
      "400907 1213297 0.999999453601\n",
      "404886 1003019 0.999379621258\n",
      "404925 1226550 0.995554712671\n",
      "406014 585354 0.913490987366\n",
      "406544 1176723 0.99999963901\n",
      "407331 934499 0.99112114236\n",
      "408331 422802 0.991732460309\n",
      "411852 949992 0.999980446979\n",
      "414335 581415 0.999432290532\n",
      "419957 694004 0.999999974196\n",
      "420631 624350 0.998786334157\n",
      "422171 446209 0.99998197392\n",
      "422802 1218562 0.999960275896\n",
      "425313 1230240 0.999999279695\n",
      "444989 857132 0.989074317845\n",
      "446209 1348146 0.999991303241\n",
      "447779 511728 0.999994236074\n",
      "447883 651370 0.973684919697\n",
      "450273 1133173 0.954990815343\n",
      "451096 987160 0.999997587055\n",
      "452896 851719 0.999987524892\n",
      "453982 1350297 0.999999789388\n",
      "456095 947910 0.999327550632\n",
      "457822 1029522 0.999997199105\n",
      "458314 1240246 0.999984887939\n",
      "460416 902741 0.917978570372\n",
      "460493 1068658 0.997450878643\n",
      "460795 724376 0.998789007068\n",
      "461058 631893 0.998779619036\n",
      "461705 1144605 0.999993972693\n",
      "467772 582437 0.99527874677\n",
      "470122 1056106 0.999998196068\n",
      "470123 1087280 0.999998276942\n",
      "474518 582430 0.964448902174\n",
      "475816 1132449 0.849798992434\n",
      "480719 1377089 0.999998216919\n",
      "482099 874567 0.999999982582\n",
      "483144 526644 0.999998565573\n",
      "485866 694003 0.999999945329\n",
      "491237 1268108 0.999994888164\n",
      "491848 1176723 0.999999908155\n",
      "495269 872501 0.998287737983\n",
      "498046 1422645 0.995085698677\n",
      "498650 581414 0.999638917366\n",
      "500265 877015 0.989637125199\n",
      "504958 556035 0.997181388618\n",
      "505405 1259810 0.999196437215\n",
      "509891 1161301 0.999995353853\n",
      "509895 1164444 0.999999599495\n",
      "511728 447779 0.999994236074\n",
      "512449 1173283 0.999999860562\n",
      "512452 841219 0.997448212702\n",
      "513592 927176 0.999990767919\n",
      "516147 1387117 0.99956399022\n",
      "519565 1091936 0.999877809986\n",
      "519682 924417 0.999998512798\n",
      "520053 956507 0.971928493761\n",
      "520093 1221417 0.964213562867\n",
      "520097 945091 0.999002981447\n",
      "522792 901222 0.999941932144\n",
      "524607 867620 0.99999914972\n",
      "525645 1286980 0.999998939408\n",
      "526644 483144 0.999998565573\n",
      "529926 764595 0.999997348449\n",
      "531699 875019 0.999725043301\n",
      "531851 1375454 0.993747776101\n",
      "535072 582436 0.999324216538\n",
      "535074 1274775 0.999952629475\n",
      "537741 1387117 0.998636976029\n",
      "537742 458314 0.999978185359\n",
      "538482 715833 0.987567784617\n",
      "544978 1080737 0.99999975701\n",
      "545131 1044094 0.982381885994\n",
      "546610 1226550 0.999978067323\n",
      "554850 624401 0.999239138781\n",
      "555018 1312876 0.999999972551\n",
      "556035 504958 0.997181388618\n",
      "556090 715833 0.999633259304\n",
      "557748 1301080 0.999974165\n",
      "562977 453982 0.999998308745\n",
      "566304 638369 0.995831272212\n",
      "566426 1240246 0.999993525868\n",
      "567679 867620 0.999999073221\n",
      "570352 1333379 0.999999456304\n",
      "571984 1257113 0.999992536219\n",
      "576646 1082467 0.999999610325\n",
      "576647 1410263 0.999999756234\n",
      "581413 414335 0.999308557634\n",
      "581414 498650 0.999638917366\n",
      "581415 1091936 0.999717100422\n",
      "582377 1080363 0.920260349833\n",
      "582391 624401 0.999096999285\n",
      "582430 535072 0.995998796799\n",
      "582436 535072 0.999324216538\n",
      "582437 467772 0.99527874677\n",
      "585354 1374004 0.938349840901\n",
      "586083 1075898 0.999537999698\n",
      "586569 751726 0.961360574608\n",
      "587175 600734 0.956465292378\n",
      "587228 600734 0.995302830465\n",
      "588360 1145620 0.999996631363\n",
      "588361 1416004 0.999998989254\n",
      "588362 1082467 0.999999402136\n",
      "588363 1301078 0.999996865467\n",
      "589749 793057 0.9953667599\n",
      "591406 1034998 0.999997372064\n",
      "596611 609800 0.970067834651\n",
      "597330 1320797 0.999999309666\n",
      "597476 1376084 0.999997663232\n",
      "598959 609458 0.998174051244\n",
      "599917 834752 0.999999989645\n",
      "600734 601481 0.999516599874\n",
      "600735 1165217 0.999931627795\n",
      "601452 923883 0.999996718492\n",
      "601480 1133149 0.998680748672\n",
      "601481 600734 0.999516599874\n",
      "601597 1387344 0.999999581749\n",
      "601598 1230240 0.999997857953\n",
      "601789 638369 0.998993796706\n",
      "601924 1320797 0.999999468497\n",
      "604665 742110 0.999997339628\n",
      "607908 1027891 0.999995088111\n",
      "607909 1341369 0.999977286341\n",
      "609458 598959 0.998174051244\n",
      "609800 589749 0.994226518111\n",
      "611166 1161301 0.999999957151\n",
      "613078 1133179 0.944940286756\n",
      "615519 1394165 0.99999640905\n",
      "623640 1311396 0.999887085646\n",
      "624198 1321749 0.969207972382\n",
      "624350 420631 0.998786334157\n",
      "624401 554850 0.999239138781\n",
      "627069 1416481 0.989918578007\n",
      "628759 1309355 0.9908847947\n",
      "629845 1321749 0.975231694377\n",
      "630137 779950 0.968591285671\n",
      "630197 1271892 0.999988434049\n",
      "631169 1320797 0.999999791795\n",
      "631757 936726 0.998459337325\n",
      "631893 581414 0.999205654006\n",
      "632995 1089507 0.99999935227\n",
      "633283 992996 0.99999958465\n",
      "634076 491848 0.999999286974\n",
      "636164 641259 0.999363947801\n",
      "636166 636164 0.993023675588\n",
      "636723 740425 0.999788971511\n",
      "637037 1316331 0.936332201951\n",
      "638161 461058 0.998059798189\n",
      "638369 601789 0.998993796706\n",
      "638957 1319681 0.999996134339\n",
      "639707 1226550 0.987481501111\n",
      "639929 942321 0.996237690434\n",
      "641259 636164 0.999363947801\n",
      "641931 1273300 0.999995920983\n",
      "651370 447883 0.973684919697\n",
      "653850 1420116 0.994351036007\n",
      "654800 1280816 0.999991776096\n",
      "658084 1125205 0.999906804388\n",
      "665993 1229998 0.999999887919\n",
      "677033 1017553 0.952527864359\n",
      "684856 1088789 0.999997260464\n",
      "694003 485866 0.999999945329\n",
      "694004 419957 0.999999974196\n",
      "702930 1417155 0.999986913398\n",
      "704605 1166844 0.999996263718\n",
      "707314 794439 0.977652125819\n",
      "714889 1078989 0.999999415767\n",
      "715833 556090 0.999633259304\n",
      "718832 1270242 0.996293054142\n",
      "720427 1271705 0.997289333645\n",
      "720942 1017553 0.965500342275\n",
      "721385 934499 0.711514639822\n",
      "724375 915614 0.99278064177\n",
      "724376 915614 0.99997730676\n",
      "725604 638161 0.997322419186\n",
      "725729 1001028 0.998892571092\n",
      "725865 1010137 0.999758727177\n",
      "729646 738343 0.885467649147\n",
      "730075 875019 0.994072761226\n",
      "730082 1082450 0.999999957551\n",
      "730104 1079558 0.999797331075\n",
      "732394 1056741 0.999995871752\n",
      "732395 926630 0.999797970024\n",
      "733013 1143725 0.999999763502\n",
      "736100 1370911 0.999836920168\n",
      "738343 556035 0.996952647149\n",
      "740425 636723 0.999788971511\n",
      "742002 1273583 0.999974396799\n",
      "742110 1333379 0.999997906561\n",
      "747046 1322125 0.990427064756\n",
      "748887 738343 0.941190263041\n",
      "751726 586569 0.961360574608\n",
      "752704 956507 0.983670848382\n",
      "753550 990784 0.999993164171\n",
      "753667 1056741 0.999997671819\n",
      "753886 789782 0.707297080266\n",
      "757557 1052535 0.991649477232\n",
      "757991 1384846 0.999997784062\n",
      "758073 411852 0.989502700484\n",
      "759896 910659 0.999998355218\n",
      "763714 1286191 0.999999107713\n",
      "764595 529926 0.999997348449\n",
      "765949 1378693 0.999996050623\n",
      "777816 1085155 0.999906589289\n",
      "779950 945906 0.99536513463\n",
      "782146 883820 0.997399540188\n",
      "783940 903208 0.992483072932\n",
      "785697 1165372 0.99916118227\n",
      "789532 970367 0.999999667473\n",
      "789782 841687 0.873906758005\n",
      "790607 930717 0.99999894539\n",
      "793057 589749 0.9953667599\n",
      "793770 823243 0.999742135562\n",
      "794367 1086491 0.999999642964\n",
      "794403 1371299 0.99999970685\n",
      "794439 707314 0.977652125819\n",
      "794471 1217561 0.999996604113\n",
      "794510 821121 0.999568820903\n",
      "794627 1211989 0.998028462216\n",
      "818243 1312107 0.998184163554\n",
      "820147 1406449 0.982231165153\n",
      "820148 1078988 0.997617909243\n",
      "820160 1203445 0.99999902696\n",
      "821121 794510 0.999568820903\n",
      "822176 1371133 0.999999097395\n",
      "823004 851104 0.999998723761\n",
      "823243 793770 0.999742135562\n",
      "824652 844873 0.999994175062\n",
      "824880 1325500 0.999997048404\n",
      "825840 1145060 0.995905312918\n",
      "829268 927176 0.999990323585\n",
      "832012 960111 0.999995084832\n",
      "833365 833366 0.999778969018\n",
      "833366 833365 0.999778969018\n",
      "833470 1035773 0.995416994163\n",
      "834141 730104 0.999760819318\n",
      "834752 599917 0.999999989645\n",
      "835980 1065243 0.999998752695\n",
      "838829 1354020 0.999978905819\n",
      "840731 1139622 0.999998146205\n",
      "841219 945091 0.999302002624\n",
      "841561 1311375 0.765170295888\n",
      "841687 1084973 0.991448016824\n",
      "842057 1269272 0.999982676465\n",
      "842807 1044094 0.998625071482\n",
      "844873 824652 0.999994175062\n",
      "846614 1017553 0.995839947266\n",
      "851104 1203433 0.999999997842\n",
      "851602 753550 0.999977463831\n",
      "851719 1231866 0.999997793834\n",
      "853322 1309355 0.999242936863\n",
      "857132 1125205 0.999811283143\n",
      "860512 1178660 0.993161049287\n",
      "862824 1271892 0.999996994453\n",
      "863051 1078989 0.999999948298\n",
      "863711 903237 0.999973389757\n",
      "867620 524607 0.99999914972\n",
      "867651 1263681 0.998959883733\n",
      "870195 1221157 0.999998936405\n",
      "871521 1000220 0.999997382168\n",
      "871554 1078989 0.99999951243\n",
      "872272 922161 0.999481833093\n",
      "872274 531699 0.99969084819\n",
      "872501 1165217 0.999967611059\n",
      "872520 600735 0.999908525209\n",
      "872533 903237 0.999904001655\n",
      "873438 872520 0.999864585166\n",
      "874566 1285973 0.99999770311\n",
      "874567 482099 0.999999982582\n",
      "874644 960111 0.999895465374\n",
      "874645 924401 0.999590697356\n",
      "875019 531699 0.999725043301\n",
      "876145 983086 0.986580687135\n",
      "876801 1292189 0.990645017518\n",
      "877008 877009 1.0\n",
      "877009 877008 1.0\n",
      "877014 1340682 0.999997918824\n",
      "877015 1052615 0.993514295982\n",
      "877459 1419894 0.999996137002\n",
      "878318 1089686 0.999994112317\n",
      "882637 1052614 0.999998883607\n",
      "883820 782146 0.997399540188\n",
      "884720 1271705 0.987151726139\n",
      "885221 1052615 0.999716733961\n",
      "885768 1375083 0.999999649488\n",
      "886645 1163826 0.999994137261\n",
      "887138 740425 0.999493212909\n",
      "887938 1343538 0.999894183548\n",
      "888623 888642 0.993443595449\n",
      "888624 928757 0.999999600315\n",
      "888641 888642 0.994287399646\n",
      "888642 888641 0.994287399646\n",
      "888643 504958 0.888549608395\n",
      "896069 1017553 0.997756073501\n",
      "898693 1313220 0.999996562662\n",
      "899648 863051 0.99999965294\n",
      "901222 522792 0.999941932144\n",
      "902093 1422645 0.999746216975\n",
      "902741 408331 0.991259833171\n",
      "903208 1022914 0.994793990994\n",
      "903236 1388009 0.9999997\n",
      "903237 863711 0.999973389757\n",
      "903238 988676 0.999999935442\n",
      "906012 960111 0.999693511591\n",
      "906442 1230240 0.999992848216\n",
      "906448 1203438 0.999996609181\n",
      "907909 943555 0.999998941433\n",
      "908030 1118662 0.999998678139\n",
      "909118 933431 0.99999649308\n",
      "910658 921940 0.999996226669\n",
      "910659 921949 0.999998373151\n",
      "910975 1274775 0.999997428745\n",
      "911265 1359716 0.999999891383\n",
      "914337 1096831 0.999999848101\n",
      "914340 1126553 0.999982675443\n",
      "914358 1255634 0.999999958905\n",
      "915614 724376 0.99997730676\n",
      "918938 1371133 0.999998480621\n",
      "920777 920778 1.0\n",
      "920778 920777 1.0\n",
      "920972 928757 0.999998013226\n",
      "921940 921949 0.999999478276\n",
      "921949 921940 0.999999478276\n",
      "922139 970229 0.999998405005\n",
      "922161 887938 0.999744790515\n",
      "923883 1054040 0.999999745137\n",
      "923953 1199128 0.99944627158\n",
      "924401 874645 0.999590697356\n",
      "924417 519682 0.999998512798\n",
      "925376 1249986 0.999999704974\n",
      "926629 1088231 0.99991438644\n",
      "926630 1088231 0.999887228031\n",
      "927176 513592 0.999990767919\n",
      "927845 1141407 0.999999031783\n",
      "928707 456095 0.996560427479\n",
      "928757 888624 0.999999600315\n",
      "929584 1163191 0.999995574631\n",
      "930717 790607 0.99999894539\n",
      "931135 1215810 0.999996646367\n",
      "931781 1379494 0.999999692617\n",
      "932354 947910 0.999619852448\n",
      "932934 1134827 0.999996404533\n",
      "933431 990809 0.999997669487\n",
      "933705 1200579 0.999989927654\n",
      "934499 1315435 0.999919958466\n",
      "934864 715833 0.995073664749\n",
      "936692 1320798 0.999999269147\n",
      "936693 1315396 0.999999649562\n",
      "936726 631757 0.998459337325\n",
      "937395 1311368 0.999965750653\n",
      "937396 537742 0.999962299932\n",
      "940579 920972 0.999995628118\n",
      "940580 933705 0.99926988248\n",
      "942321 1343607 0.99999866545\n",
      "943195 1211159 0.999993548979\n",
      "943555 907909 0.999998941433\n",
      "944113 1406789 0.99999049979\n",
      "944416 911265 0.999999682317\n",
      "945091 841219 0.999302002624\n",
      "945906 940580 0.997202929242\n",
      "947157 1240181 0.999997645681\n",
      "947910 932354 0.999619852448\n",
      "948200 949020 0.999999838316\n",
      "948893 1421209 0.999994853768\n",
      "949020 948200 0.999999838316\n",
      "949992 1425275 0.99999327062\n",
      "951676 1040507 0.999999948181\n",
      "953545 834141 0.998999166871\n",
      "956506 1403191 0.999999677073\n",
      "956507 1088232 0.999733954124\n",
      "957016 1094850 0.999993768061\n",
      "958345 886645 0.999985916191\n",
      "959630 599917 0.999999311651\n",
      "960111 832012 0.999995084832\n",
      "969312 1317888 0.999995017778\n",
      "969313 1297802 0.99998866606\n",
      "969314 1419072 0.99948680288\n",
      "969536 1312656 0.996149920386\n",
      "970229 922139 0.999998405005\n",
      "970367 1269272 0.999999778755\n",
      "971523 996897 0.999986280059\n",
      "971917 491237 0.999982378298\n",
      "974210 1323363 0.999999998921\n",
      "975614 1017553 0.986953161601\n",
      "975811 992996 0.999999352071\n",
      "976588 1317888 0.999999098114\n",
      "978278 1396041 0.999999076977\n",
      "978969 1285590 0.995219495792\n",
      "982239 1000220 0.999997309698\n",
      "982884 1202489 0.999999358226\n",
      "983017 888624 0.999996500072\n",
      "983072 1408758 0.999999883514\n",
      "983086 876145 0.986580687135\n",
      "983985 1203438 0.99998284339\n",
      "984033 1311392 0.998381914913\n",
      "987160 451096 0.999997587055\n",
      "987402 567679 0.999982961189\n",
      "987620 1406449 0.99840750794\n",
      "988225 1137037 0.999350612505\n",
      "988487 725865 0.999251087478\n",
      "988488 1160570 0.999999742765\n",
      "988676 903238 0.999999935442\n",
      "990784 1301090 0.999999784207\n",
      "990809 1225338 0.999999054538\n",
      "992996 633283 0.99999958465\n",
      "993917 1199128 0.99754938311\n",
      "996897 1394448 0.999988950208\n",
      "997175 694004 0.99999962404\n",
      "999458 1361592 0.999999874719\n",
      "1000220 871521 0.999997382168\n",
      "1001028 725729 0.998892571092\n",
      "1002579 1343607 0.999996012017\n",
      "1003019 404886 0.999379621258\n",
      "1005553 1396992 0.981163460916\n",
      "1005717 1362513 0.999995236047\n",
      "1006361 1066498 0.999999979432\n",
      "1010137 725865 0.999758727177\n",
      "1013650 1392674 0.999998266632\n",
      "1016182 1133220 0.991095026487\n",
      "1017553 896069 0.997756073501\n",
      "1017971 1377089 0.999999576409\n",
      "1017972 1110124 0.999996713917\n",
      "1018413 1088789 0.978515066778\n",
      "1020160 1136615 0.996779479236\n",
      "1020369 1087289 0.999996232176\n",
      "1021505 1096831 0.999995401367\n",
      "1022119 638957 0.999956280317\n",
      "1022914 903208 0.994793990994\n",
      "1027891 607908 0.999995088111\n",
      "1028613 925376 0.999991495291\n",
      "1029265 1034999 0.999996926402\n",
      "1029522 1074199 0.99999907336\n",
      "1030584 1343538 0.999779905015\n",
      "1034629 1366694 0.999492806665\n",
      "1034998 591406 0.999997372064\n",
      "1034999 1029265 0.999996926402\n",
      "1035773 1096573 0.998790023276\n",
      "1039709 1353196 0.999966836317\n",
      "1040298 1408758 0.999999038473\n",
      "1040507 951676 0.999999948181\n",
      "1042999 1381898 0.999997723581\n",
      "1043126 1270242 0.983147303526\n",
      "1044094 1317937 0.999908554821\n",
      "1047201 1118153 0.999999903765\n",
      "1050676 1205949 0.999999867251\n",
      "1051529 1201831 0.999138140634\n",
      "1052002 934499 0.974705231761\n",
      "1052535 1123174 0.99389068\n",
      "1052614 1047201 0.99999921793\n",
      "1052615 885221 0.999716733961\n",
      "1054040 923883 0.999999745137\n",
      "1055003 1333386 0.999057102786\n",
      "1055307 1160421 0.999993790105\n",
      "1055948 544978 0.999999471127\n",
      "1056106 470122 0.999998196068\n",
      "1056248 878318 0.999968187415\n",
      "1056575 546610 0.998743019595\n",
      "1056741 753667 0.999997671819\n",
      "1057483 1173283 0.999995692564\n",
      "1058167 1285590 0.958886692086\n",
      "1065243 1328298 0.999999269495\n",
      "1065939 824880 0.999994935088\n",
      "1066498 1006361 0.999999979432\n",
      "1068658 460493 0.997450878643\n",
      "1068987 1286980 0.999998371288\n",
      "1069431 1329156 0.999999267581\n",
      "1070519 1207951 0.999997399645\n",
      "1071044 1251931 0.78262927822\n",
      "1074199 1029522 0.99999907336\n",
      "1075898 586083 0.999537999698\n",
      "1078268 1312594 0.999999534596\n",
      "1078988 1400684 0.999208488619\n",
      "1078989 863051 0.999999948298\n",
      "1078990 1230176 0.99999955863\n",
      "1079488 1315420 0.99998776861\n",
      "1079558 1128598 0.999948770952\n",
      "1080004 1134827 0.999998594259\n",
      "1080362 740425 0.999734154464\n",
      "1080363 874645 0.998865067784\n",
      "1080737 544978 0.99999975701\n",
      "1081623 1215033 0.999992619348\n",
      "1082450 730082 0.999999957551\n",
      "1082460 1137616 0.980045740659\n",
      "1082467 1216730 0.999999672291\n",
      "1084450 1143565 0.999999123878\n",
      "1084973 841687 0.991448016824\n",
      "1085155 777816 0.999906589289\n",
      "1086491 794367 0.999999642964\n",
      "1086492 1411769 0.999999735917\n",
      "1087279 1317909 0.999994033705\n",
      "1087280 470123 0.999998276942\n",
      "1087281 1315420 0.99998578274\n",
      "1087289 1020369 0.999996232176\n",
      "1088231 926629 0.99991438644\n",
      "1088232 956507 0.999733954124\n",
      "1088789 684856 0.999997260464\n",
      "1089507 632995 0.99999935227\n",
      "1089686 878318 0.999994112317\n",
      "1091936 519565 0.999877809986\n",
      "1093142 1097933 0.999917965255\n",
      "1094623 1201831 0.99790384533\n",
      "1094850 957016 0.999993768061\n",
      "1095206 1134046 0.999997771308\n",
      "1096573 1035773 0.998790023276\n",
      "1096831 914337 0.999999848101\n",
      "1097933 1093142 0.999917965255\n",
      "1110124 1256119 0.9999996402\n",
      "1110666 1358328 0.999998956969\n",
      "1113962 1261456 0.999999317865\n",
      "1115837 1394165 0.999996100224\n",
      "1118153 1047201 0.999999903765\n",
      "1118662 908030 0.999998678139\n",
      "1118780 1241333 0.999997540526\n",
      "1119555 1055948 0.974343985185\n",
      "1120340 1040298 0.999992928571\n",
      "1123174 1068658 0.99505581278\n",
      "1123765 1140548 0.999996702684\n",
      "1125205 658084 0.999906804388\n",
      "1125943 1164438 0.999996664101\n",
      "1126553 1411386 0.999999964468\n",
      "1128256 1323845 0.999999667959\n",
      "1128598 1079558 0.999948770952\n",
      "1132443 1133962 0.999999584165\n",
      "1132444 1133178 0.999978776193\n",
      "1132445 1132447 0.999994739293\n",
      "1132446 1132449 0.99997615469\n",
      "1132447 1132445 0.999994739293\n",
      "1132448 1132447 0.999987172875\n",
      "1132449 1133178 0.99999064861\n",
      "1132450 1133179 0.999938968552\n",
      "1132460 851719 0.999992028156\n",
      "1133148 1133172 0.999999809845\n",
      "1133149 1133154 0.999971353775\n",
      "1133150 1133152 0.999997509446\n",
